loss: 0.00836606603115797
tp: 1119.0
fp: 9.0
tn: 8856.0
fn: 16.0
accuracy: 0.9975000023841858
precision: 0.9920212626457214
recall: 0.9859030842781067
auc: 0.9990233182907104
prc: 0.9981380105018616
