loss: 0.008618694730103016
tp: 1125.0
fp: 17.0
tn: 8848.0
fn: 10.0
accuracy: 0.9973000288009644
precision: 0.9851138591766357
recall: 0.9911894202232361
auc: 0.9994707107543945
prc: 0.9988521337509155
