loss: 0.011884824372828007
tp: 1125.0
fp: 27.0
tn: 8838.0
fn: 10.0
accuracy: 0.9962999820709229
precision: 0.9765625
recall: 0.9911894202232361
auc: 0.9997966289520264
prc: 0.9981332421302795
