loss: 0.01850355602800846
tp: 1128.0
fp: 41.0
tn: 8824.0
fn: 7.0
accuracy: 0.995199978351593
precision: 0.9649273157119751
recall: 0.9938325881958008
auc: 0.9997794032096863
prc: 0.9985641837120056
