loss: 0.02038932405412197
tp: 1127.0
fp: 52.0
tn: 8813.0
fn: 8.0
accuracy: 0.9940000176429749
precision: 0.9558948278427124
recall: 0.992951512336731
auc: 0.9996784925460815
prc: 0.9981174468994141
