loss: 0.023873332887887955
tp: 1125.0
fp: 57.0
tn: 8808.0
fn: 10.0
accuracy: 0.9933000206947327
precision: 0.9517766237258911
recall: 0.9911894202232361
auc: 0.9993798732757568
prc: 0.9970008134841919
